  0.0000000e+000
 -5.5252865e-004
 -5.6176926e-004
 -4.9475181e-004
 -4.8752280e-004
 -4.8937912e-004
 -5.0407143e-004
 -5.2265643e-004
 -5.4665656e-004
 -5.6778026e-004
 -5.8709305e-004
 -6.1327474e-004
 -6.3124935e-004
 -6.5403334e-004
 -6.7776908e-004
 -6.9416146e-004
 -7.1577365e-004
 -7.2550431e-004
 -7.4409419e-004
 -7.4905981e-004
 -7.6813719e-004
 -7.7248486e-004
 -7.8343323e-004
 -7.7798695e-004
 -7.8036647e-004
 -7.8014496e-004
 -7.7579773e-004
 -7.6307936e-004
 -7.5300014e-004
 -7.3193572e-004
 -7.2153920e-004
 -6.9179375e-004
 -6.6504151e-004
 -6.3415949e-004
 -5.9461189e-004
 -5.5645764e-004
 -5.1455722e-004
 -4.6063255e-004
 -4.0951215e-004
 -3.5011759e-004
 -2.8969812e-004
 -2.0983373e-004
 -1.4463809e-004
 -6.1733441e-005
  1.3494974e-005
  1.0943831e-004
  2.0430171e-004
  2.9495311e-004
  4.0265402e-004
  5.1073885e-004
  6.2393761e-004
  7.4580259e-004
  8.6084433e-004
  9.8859883e-004
  1.1250155e-003
  1.2577885e-003
  1.3902495e-003
  1.5443220e-003
  1.6868083e-003
  1.8348265e-003
  1.9841141e-003
  2.1461584e-003
  2.3017255e-003
  2.4625617e-003
  2.6201759e-003
  2.7870464e-003
  2.9469448e-003
  3.1125421e-003
  3.2739613e-003
  3.4418874e-003
  3.6008268e-003
  3.7603923e-003
  3.9207432e-003
  4.0819753e-003
  4.2264269e-003
  4.3730720e-003
  4.5209853e-003
  4.6606461e-003
  4.7932561e-003
  4.9137604e-003
  5.0393023e-003
  5.1407354e-003
  5.2461166e-003
  5.3471681e-003
  5.4196776e-003
  5.4876040e-003
  5.5475715e-003
  5.5938023e-003
  5.6220643e-003
  5.6455197e-003
  5.6389200e-003
  5.6266114e-003
  5.5917129e-003
  5.5404364e-003
  5.4753783e-003
  5.3838976e-003
  5.2715759e-003
  5.1382275e-003
  4.9839688e-003
  4.8109469e-003
  4.6039530e-003
  4.3801862e-003
  4.1251642e-003
  3.8456408e-003
  3.5401247e-003
  3.2091886e-003
  2.8446758e-003
  2.4508540e-003
  2.0274176e-003
  1.5784683e-003
  1.0902329e-003
  5.8322642e-004
  2.7604519e-005
 -5.4642809e-004
 -1.1568136e-003
 -1.8039473e-003
 -2.4826724e-003
 -3.1933778e-003
 -3.9401124e-003
 -4.7222596e-003
 -5.5337211e-003
 -6.3792293e-003
 -7.2615817e-003
 -8.1798233e-003
 -9.1325330e-003
 -1.0115022e-002
 -1.1131555e-002
 -1.2185000e-002
 -1.3271822e-002
 -1.4390467e-002
 -1.5540555e-002
 -1.6732471e-002
 -1.7943338e-002
 -1.9187243e-002
 -2.0453179e-002
 -2.1746755e-002
 -2.3068017e-002
 -2.4416099e-002
 -2.5787585e-002
 -2.7185943e-002
 -2.8607217e-002
 -3.0050266e-002
 -3.1501761e-002
 -3.2975408e-002
 -3.4462095e-002
 -3.5969756e-002
 -3.7481285e-002
 -3.9005368e-002
 -4.0534917e-002
 -4.2064909e-002
 -4.3609754e-002
 -4.5148841e-002
 -4.6684303e-002
 -4.8216572e-002
 -4.9738576e-002
 -5.1255616e-002
 -5.2763075e-002
 -5.4245277e-002
 -5.5717365e-002
 -5.7161645e-002
 -5.8591568e-002
 -5.9983748e-002
 -6.1345517e-002
 -6.2685781e-002
 -6.3971590e-002
 -6.5224711e-002
 -6.6436751e-002
 -6.7607599e-002
 -6.8704383e-002
 -6.9763024e-002
 -7.0762871e-002
 -7.1700267e-002
 -7.2568258e-002
 -7.3362026e-002
 -7.4100364e-002
 -7.4745256e-002
 -7.5313734e-002
 -7.5800836e-002
 -7.6199248e-002
 -7.6499217e-002
 -7.6709349e-002
 -7.6817398e-002
 -7.6823001e-002
 -7.6720492e-002
 -7.6505072e-002
 -7.6174832e-002
 -7.5730576e-002
 -7.5157626e-002
 -7.4466439e-002
 -7.3640601e-002
 -7.2677464e-002
 -7.1582636e-002
 -7.0353307e-002
 -6.8966401e-002
 -6.7452502e-002
 -6.5769067e-002
 -6.3944481e-002
 -6.1960278e-002
 -5.9816657e-002
 -5.7515269e-002
 -5.5046003e-002
 -5.2409382e-002
 -4.9597868e-002
 -4.6630331e-002
 -4.3476878e-002
 -4.0145828e-002
 -3.6641812e-002
 -3.2958393e-002
 -2.9082401e-002
 -2.5030756e-002
 -2.0799707e-002
 -1.6370126e-002
 -1.1762383e-002
 -6.9636862e-003
 -1.9765601e-003
  3.2086897e-003
  8.5711749e-003
  1.4128883e-002
  1.9883413e-002
  2.5822729e-002
  3.1953127e-002
  3.8277657e-002
  4.4780682e-002
  5.1480418e-002
  5.8370533e-002
  6.5440985e-002
  7.2694330e-002
  8.0137293e-002
  8.7754754e-002
  9.5553335e-002
  1.0353295e-001
  1.1168269e-001
  1.2000780e-001
  1.2850029e-001
  1.3715518e-001
  1.4597665e-001
  1.5496071e-001
  1.6409589e-001
  1.7338082e-001
  1.8281725e-001
  1.9239667e-001
  2.0212502e-001
  2.1197359e-001
  2.2196527e-001
  2.3206909e-001
  2.4230169e-001
  2.5264803e-001
  2.6310533e-001
  2.7366340e-001
  2.8432142e-001
  2.9507167e-001
  3.0590986e-001
  3.1682789e-001
  3.2781137e-001
  3.3887227e-001
  3.4999141e-001
  3.6115899e-001
  3.7237955e-001
  3.8363500e-001
  3.9492118e-001
  4.0623177e-001
  4.1756969e-001
  4.2891199e-001
  4.4025538e-001
  4.5159965e-001
  4.6293081e-001
  4.7424532e-001
  4.8552531e-001
  4.9677083e-001
  5.0798175e-001
  5.1912350e-001
  5.3022409e-001
  5.4125534e-001
  5.5220513e-001
  5.6307891e-001
  5.7385241e-001
  5.8454032e-001
  5.9511231e-001
  6.0557835e-001
  6.1591099e-001
  6.2612427e-001
  6.3619801e-001
  6.4612697e-001
  6.5590163e-001
  6.6551399e-001
  6.7496632e-001
  6.8423533e-001
  6.9332824e-001
  7.0223887e-001
  7.1094104e-001
  7.1944626e-001
  7.2774489e-001
  7.3582118e-001
  7.4368279e-001
  7.5131375e-001
  7.5870808e-001
  7.6586749e-001
  7.7277809e-001
  7.7942875e-001
  7.8583531e-001
  7.9197358e-001
  7.9784664e-001
  8.0344858e-001
  8.0876950e-001
  8.1381913e-001
  8.1857760e-001
  8.2304199e-001
  8.2722753e-001
  8.3110385e-001
  8.3469374e-001
  8.3797173e-001
  8.4095414e-001
  8.4362383e-001
  8.4598185e-001
  8.4803158e-001
  8.4978052e-001
  8.5119715e-001
  8.5230470e-001
  8.5310209e-001
  8.5357206e-001
  8.5373856e-001
  8.5357206e-001
  8.5310209e-001
  8.5230470e-001
  8.5119715e-001
  8.4978052e-001
  8.4803158e-001
  8.4598185e-001
  8.4362383e-001
  8.4095414e-001
  8.3797173e-001
  8.3469374e-001
  8.3110385e-001
  8.2722753e-001
  8.2304199e-001
  8.1857760e-001
  8.1381913e-001
  8.0876950e-001
  8.0344858e-001
  7.9784664e-001
  7.9197358e-001
  7.8583531e-001
  7.7942875e-001
  7.7277809e-001
  7.6586749e-001
  7.5870808e-001
  7.5131375e-001
  7.4368279e-001
  7.3582118e-001
  7.2774489e-001
  7.1944626e-001
  7.1094104e-001
  7.0223887e-001
  6.9332824e-001
  6.8423533e-001
  6.7496632e-001
  6.6551399e-001
  6.5590163e-001
  6.4612697e-001
  6.3619801e-001
  6.2612427e-001
  6.1591099e-001
  6.0557835e-001
  5.9511231e-001
  5.8454032e-001
  5.7385241e-001
  5.6307891e-001
  5.5220513e-001
  5.4125534e-001
  5.3022409e-001
  5.1912350e-001
  5.0798175e-001
  4.9677083e-001
  4.8552531e-001
  4.7424532e-001
  4.6293081e-001
  4.5159965e-001
  4.4025538e-001
  4.2891199e-001
  4.1756969e-001
  4.0623177e-001
  3.9492118e-001
  3.8363500e-001
  3.7237955e-001
  3.6115899e-001
  3.4999141e-001
  3.3887227e-001
  3.2781137e-001
  3.1682789e-001
  3.0590986e-001
  2.9507167e-001
  2.8432142e-001
  2.7366340e-001
  2.6310533e-001
  2.5264803e-001
  2.4230169e-001
  2.3206909e-001
  2.2196527e-001
  2.1197359e-001
  2.0212502e-001
  1.9239667e-001
  1.8281725e-001
  1.7338082e-001
  1.6409589e-001
  1.5496071e-001
  1.4597665e-001
  1.3715518e-001
  1.2850029e-001
  1.2000780e-001
  1.1168269e-001
  1.0353295e-001
  9.5553335e-002
  8.7754754e-002
  8.0137293e-002
  7.2694330e-002
  6.5440985e-002
  5.8370533e-002
  5.1480418e-002
  4.4780682e-002
  3.8277657e-002
  3.1953127e-002
  2.5822729e-002
  1.9883413e-002
  1.4128883e-002
  8.5711749e-003
  3.2086897e-003
 -1.9765601e-003
 -6.9636862e-003
 -1.1762383e-002
 -1.6370126e-002
 -2.0799707e-002
 -2.5030756e-002
 -2.9082401e-002
 -3.2958393e-002
 -3.6641812e-002
 -4.0145828e-002
 -4.3476878e-002
 -4.6630331e-002
 -4.9597868e-002
 -5.2409382e-002
 -5.5046003e-002
 -5.7515269e-002
 -5.9816657e-002
 -6.1960278e-002
 -6.3944481e-002
 -6.5769067e-002
 -6.7452502e-002
 -6.8966401e-002
 -7.0353307e-002
 -7.1582636e-002
 -7.2677464e-002
 -7.3640601e-002
 -7.4466439e-002
 -7.5157626e-002
 -7.5730576e-002
 -7.6174832e-002
 -7.6505072e-002
 -7.6720492e-002
 -7.6823001e-002
 -7.6817398e-002
 -7.6709349e-002
 -7.6499217e-002
 -7.6199248e-002
 -7.5800836e-002
 -7.5313734e-002
 -7.4745256e-002
 -7.4100364e-002
 -7.3362026e-002
 -7.2568258e-002
 -7.1700267e-002
 -7.0762871e-002
 -6.9763024e-002
 -6.8704383e-002
 -6.7607599e-002
 -6.6436751e-002
 -6.5224711e-002
 -6.3971590e-002
 -6.2685781e-002
 -6.1345517e-002
 -5.9983748e-002
 -5.8591568e-002
 -5.7161645e-002
 -5.5717365e-002
 -5.4245277e-002
 -5.2763075e-002
 -5.1255616e-002
 -4.9738576e-002
 -4.8216572e-002
 -4.6684303e-002
 -4.5148841e-002
 -4.3609754e-002
 -4.2064909e-002
 -4.0534917e-002
 -3.9005368e-002
 -3.7481285e-002
 -3.5969756e-002
 -3.4462095e-002
 -3.2975408e-002
 -3.1501761e-002
 -3.0050266e-002
 -2.8607217e-002
 -2.7185943e-002
 -2.5787585e-002
 -2.4416099e-002
 -2.3068017e-002
 -2.1746755e-002
 -2.0453179e-002
 -1.9187243e-002
 -1.7943338e-002
 -1.6732471e-002
 -1.5540555e-002
 -1.4390467e-002
 -1.3271822e-002
 -1.2185000e-002
 -1.1131555e-002
 -1.0115022e-002
 -9.1325330e-003
 -8.1798233e-003
 -7.2615817e-003
 -6.3792293e-003
 -5.5337211e-003
 -4.7222596e-003
 -3.9401124e-003
 -3.1933778e-003
 -2.4826724e-003
 -1.8039473e-003
 -1.1568136e-003
 -5.4642809e-004
  2.7604519e-005
  5.8322642e-004
  1.0902329e-003
  1.5784683e-003
  2.0274176e-003
  2.4508540e-003
  2.8446758e-003
  3.2091886e-003
  3.5401247e-003
  3.8456408e-003
  4.1251642e-003
  4.3801862e-003
  4.6039530e-003
  4.8109469e-003
  4.9839688e-003
  5.1382275e-003
  5.2715759e-003
  5.3838976e-003
  5.4753783e-003
  5.5404364e-003
  5.5917129e-003
  5.6266114e-003
  5.6389200e-003
  5.6455197e-003
  5.6220643e-003
  5.5938023e-003
  5.5475715e-003
  5.4876040e-003
  5.4196776e-003
  5.3471681e-003
  5.2461166e-003
  5.1407354e-003
  5.0393023e-003
  4.9137604e-003
  4.7932561e-003
  4.6606461e-003
  4.5209853e-003
  4.3730720e-003
  4.2264269e-003
  4.0819753e-003
  3.9207432e-003
  3.7603923e-003
  3.6008268e-003
  3.4418874e-003
  3.2739613e-003
  3.1125421e-003
  2.9469448e-003
  2.7870464e-003
  2.6201759e-003
  2.4625617e-003
  2.3017255e-003
  2.1461584e-003
  1.9841141e-003
  1.8348265e-003
  1.6868083e-003
  1.5443220e-003
  1.3902495e-003
  1.2577885e-003
  1.1250155e-003
  9.8859883e-004
  8.6084433e-004
  7.4580259e-004
  6.2393761e-004
  5.1073885e-004
  4.0265402e-004
  2.9495311e-004
  2.0430171e-004
  1.0943831e-004
  1.3494974e-005
 -6.1733441e-005
 -1.4463809e-004
 -2.0983373e-004
 -2.8969812e-004
 -3.5011759e-004
 -4.0951215e-004
 -4.6063255e-004
 -5.1455722e-004
 -5.5645764e-004
 -5.9461189e-004
 -6.3415949e-004
 -6.6504151e-004
 -6.9179375e-004
 -7.2153920e-004
 -7.3193572e-004
 -7.5300014e-004
 -7.6307936e-004
 -7.7579773e-004
 -7.8014496e-004
 -7.8036647e-004
 -7.7798695e-004
 -7.8343323e-004
 -7.7248486e-004
 -7.6813719e-004
 -7.4905981e-004
 -7.4409419e-004
 -7.2550431e-004
 -7.1577365e-004
 -6.9416146e-004
 -6.7776908e-004
 -6.5403334e-004
 -6.3124935e-004
 -6.1327474e-004
 -5.8709305e-004
 -5.6778026e-004
 -5.4665656e-004
 -5.2265643e-004
 -5.0407143e-004
 -4.8937912e-004
 -4.8752280e-004
 -4.9475181e-004
 -5.6176926e-004
 -5.5252865e-004
